[22,27,16,2,18,6] insertion sort adımları

1: [22, 27, 16, 2, 18, 6]
2: [22, 16, 27, 2, 18, 6]
3: [2, 22, 16, 27, 18, 6]
4: [2, 18, 22, 16, 27, 6]
5: [2, 6, 18, 22, 16, 27]
6: [2, 6, 16, 18, 22, 27]

Big-O notation O(n^2).

18 sayısı average case kapsamına girer.
---------------------------------------------
_____________________________________________

[7,3,5,8,2,9,4,15,6] selection sort ilk 4 adımı

1: [2, 3, 5, 8, 7, 9, 4, 15, 6]
2: [2, 3, 4, 8, 7, 9, 5, 15, 6]
3: [2, 3, 4, 5, 7, 9, 8, 15, 6]
4: [2, 3, 4, 5, 6, 9, 8, 15, 7]
